TF	DMF0001
TN	4	12
TH	0.800000
4	17	8	11	8	10	4	12	8	0	33	4
198	101	188	169	0	196	193	73	201	200	27	201
14	72	21	32	196	9	17	95	4	13	128	12
6	32	5	10	18	7	8	42	9	9	34	5
//

TF	DMF0002
TN	4	12
TH	0.800000
12	8	60	17	17	3	10	4	20	11	0	12
100	237	114	162	29	237	136	224	199	3	254	243
127	15	57	56	189	20	77	18	21	246	6	0
21	0	29	25	25	0	37	14	20	0	0	5
//

TF	DMF0003
TN	4	12
TH	0.800000
11	17	13	12	28	9	6	21	5	1	0	5
28	29	18	25	89	10	5	131	13	8	171	6
134	121	145	132	31	156	167	28	156	168	5	164
7	13	4	11	32	5	2	0	6	3	4	5
//

TF	DMF0004
TN	4	12
TH	0.800000
13	0	3	19	6	12	21	10	3	0	26	0
90	11	158	120	5	116	41	13	149	167	27	141
51	150	6	17	148	24	105	144	14	0	86	12
13	6	0	11	8	15	0	0	1	0	28	14
//

TF	DMF0005
TN	4	12
TH	0.800000
12	19	20	18	18	26	7	5	32	0	0	7
0	30	20	113	142	22	176	0	60	13	16	194
209	158	181	84	44	164	19	216	74	201	201	11
0	14	0	6	17	9	19	0	55	7	4	9
//

TF	DMF0006
TN	4	12
TH	0.800000
0	26	0	20	49	20	0	44	8	6	0	12
26	37	12	28	106	21	0	78	16	13	189	9
189	133	209	173	43	165	212	67	192	202	13	192
6	25	0	0	23	15	9	32	5	0	19	8
//

TF	DMF0007
TN	4	12
TH	0.800000
20	23	19	10	0	23	0	9	19	8	25	20
48	0	26	8	0	163	3	8	14	8	153	70
128	172	152	185	206	7	203	183	176	186	13	98
13	14	12	6	3	16	3	9	0	7	18	21
//

TF	DMF0008
TN	4	12
TH	0.800000
6	3	3	103	7	6	8	22	9	6	4	15
101	108	116	12	16	0	108	48	9	99	104	112
12	14	4	10	95	118	8	34	100	16	12	0
8	2	4	2	9	3	3	23	9	6	7	0
//

TF	DMF0009
TN	4	12
TH	0.800000
57	15	4	255	2	10	4	0	20	43	23	82
68	254	311	5	290	0	15	3	148	87	184	0
142	36	0	47	7	305	3	311	98	111	67	183
48	10	0	8	16	0	293	1	49	74	41	50
//

TF	DMF0010
TN	4	12
TH	0.800000
6	17	9	5	19	12	6	55	6	8	15	12
20	20	23	14	158	9	9	49	11	27	162	14
176	164	170	184	10	187	188	81	187	161	18	178
6	7	6	5	21	0	5	23	4	12	13	4
//

TF	DMF0011
TN	4	12
TH	0.800000
0	11	18	0	6	11	0	13	8	8	13	9
164	19	64	13	145	18	156	145	8	151	11	21
10	132	58	163	15	138	15	19	152	14	148	132
3	15	37	1	11	10	6	0	9	4	5	15
//

TF	DMF0012
TN	4	12
TH	0.800000
7	10	6	0	0	9	18	2	4	16	6	0
131	7	108	127	119	112	27	128	0	80	33	114
0	111	24	11	13	9	85	5	129	29	93	19
0	10	0	0	6	8	8	3	5	13	6	5
//

TF	DMF0013
TN	4	12
TH	0.800000
7	10	49	54	25	64	7	10	21	88	6	10
13	6	130	56	34	93	12	0	50	143	12	9
291	295	105	134	235	105	283	290	231	39	287	292
0	0	27	67	17	49	9	11	9	41	6	0
//

TF	DMF0014
TN	4	12
TH	0.800000
2	3	17	0	14	0	0	0	11	16	12	0
118	164	118	167	0	155	141	128	137	48	144	115
30	0	8	0	131	12	26	19	8	79	0	36
17	0	24	0	22	0	0	20	11	24	11	16
//

TF	DMF0015
TN	4	12
TH	0.800000
10	0	11	2	24	18	8	35	22	0	24	10
24	245	10	9	180	37	197	89	98	4	178	32
207	4	210	237	34	180	33	106	69	243	24	193
8	0	18	1	11	14	11	19	60	2	23	14
//

TF	DMF0016
TN	4	12
TH	0.800000
20	16	39	48	3	6	163	3	4	24	5	17
120	176	259	0	291	290	41	299	0	97	8	143
141	106	0	225	17	12	93	5	311	50	296	129
34	17	17	42	4	7	18	8	0	144	6	26
//

TF	DMF0017
TN	4	12
TH	0.800000
21	0	0	23	4	0	15	4	24	18	0	10
133	31	225	112	239	231	18	225	163	87	232	189
69	200	10	74	0	6	175	12	35	106	0	27
20	12	8	34	0	6	35	2	21	32	11	17
//

TF	DMF0018
TN	4	13
TH	0.800000
11	8	13	11	24	0	0	8	0	57	0	0	69
26	28	18	12	12	0	0	1	74	2	4	71	2
18	26	36	34	36	0	5	65	0	14	0	2	0
19	12	7	17	2	74	69	0	0	1	70	1	3
//

TF	DMF0019
TN	4	12
TH	0.800000
21	5	8	15	3	0	0	106	0	3	0	0
45	9	87	85	2	111	111	0	0	63	30	22
34	84	8	6	105	0	0	0	0	25	13	10
11	13	8	5	1	0	0	5	111	20	68	79
//

TF	DMF0020
TN	4	12
TH	0.800000
11	10	0	58	0	10	63	25	12	11	22	12
17	36	243	64	52	16	82	18	10	200	193	17
213	199	0	75	185	219	74	197	220	35	37	213
11	7	9	55	15	7	33	12	10	6	0	10
//

TF	DMF0021
TN	4	12
TH	0.800000
6	8	0	5	17	8	0	43	7	14	8	24
5	19	20	11	122	7	10	47	7	14	18	107
133	123	130	136	15	139	139	39	131	126	123	23
10	4	4	2	0	0	5	25	9	0	5	0
//

TF	DMF0022
TN	4	12
TH	0.800000
5	14	7	6	16	7	10	9	5	11	32	11
8	17	8	13	135	8	0	0	7	130	65	7
143	121	139	138	0	140	143	153	147	10	65	126
6	10	8	5	11	7	9	0	3	11	0	18
//

TF	DMF0023
TN	4	12
TH	0.800000
8	11	19	0	8	0	0	20	0	0	7	5
115	0	71	139	103	139	124	12	132	124	103	120
16	135	38	7	0	7	12	100	12	16	12	12
7	0	18	0	35	0	10	14	2	6	24	9
//

TF	DMF0024
TN	4	12
TH	0.800000
5	2	0	0	4	3	5	11	18	12	8	3
12	115	120	20	118	5	12	17	43	115	13	116
118	21	0	118	11	128	112	105	61	11	110	14
3	0	18	0	5	2	9	5	16	0	7	5
//

TF	DMF0025
TN	4	12
TH	0.800000
5	12	16	0	6	13	7	25	6	0	13	9
174	204	18	28	184	149	188	87	154	0	109	23
28	0	169	181	26	27	11	58	36	215	94	177
9	0	13	7	0	27	10	46	20	1	0	7
//

TF	DMF0026
TN	4	12
TH	0.800000
0	17	5	15	8	22	0	18	0	11	0	6
89	81	209	196	55	55	203	69	215	213	5	219
131	108	16	25	147	141	25	120	17	7	231	7
16	30	6	0	26	18	8	29	4	5	0	4
//

TF	DMF0027
TN	4	12
TH	0.800000
11	26	7	4	0	0	0	14	10	21	18	32
0	42	12	9	189	4	16	24	13	124	122	30
172	107	170	172	0	180	162	143	166	28	49	82
6	14	0	4	0	5	11	8	0	16	0	45
//

TF	DMF0028
TN	4	12
TH	0.800000
11	0	8	30	9	0	10	0	13	4	10	16
10	21	15	53	11	0	9	0	108	12	6	11
104	111	101	28	112	132	107	132	0	109	116	105
7	0	8	21	0	0	6	0	11	7	0	0
//

TF	DMF0029
TN	4	12
TH	0.800000
34	0	7	6	0	18	0	5	15	20	21	14
102	5	199	216	196	169	3	208	120	136	125	135
70	200	16	0	12	22	219	9	71	45	41	73
16	17	0	0	14	13	0	0	16	21	35	0
//

TF	DMF0030
TN	4	12
TH	0.800000
0	297	0	28	0	0	11	45	0	47	40	39
359	10	342	5	49	0	31	172	139	150	115	133
0	36	2	324	0	359	317	77	152	118	149	156
0	16	15	2	310	0	0	65	68	44	55	31
//

TF	DMF0031
TN	4	12
TH	0.800000
0	11	25	22	0	10	6	17	29	7	13	4
3	167	11	46	30	161	169	30	49	5	64	176
192	7	159	106	160	24	10	133	112	183	118	10
0	10	0	21	5	0	10	15	5	0	0	5
//

TF	DMF0032
TN	4	12
TH	0.800000
26	9	49	0	0	166	0	0	25	38	41	13
16	12	43	0	18	0	0	0	0	39	33	35
126	149	77	167	157	0	175	170	124	98	81	108
7	5	6	8	0	9	0	5	26	0	20	19
//

TF	DMF0033
TN	4	12
TH	0.800000
0	0	0	0	32	0	0	22	17	0	0	46
166	194	60	130	125	0	173	120	49	194	194	61
0	0	78	34	0	106	21	0	70	0	0	53
28	0	56	30	37	88	0	52	58	0	0	34
//

TF	DMF0034
TN	4	12
TH	0.800000
31	30	25	2	0	18	5	0	11	43	7	7
64	117	47	19	221	0	3	221	133	107	153	7
106	43	118	195	0	190	208	0	77	71	61	197
20	31	31	5	0	13	5	0	0	0	0	10
//

TF	DMF0035
TN	4	12
TH	0.800000
0	21	9	3	7	12	10	11	0	19	11	11
178	126	1	161	163	156	140	5	177	68	134	99
7	25	166	16	11	17	21	169	8	86	26	60
0	13	9	5	4	0	14	0	0	12	14	15
//

TF	DMF0036
TN	4	12
TH	0.800000
23	11	1	0	0	10	5	8	3	42	19	0
96	21	4	154	37	101	99	30	0	48	30	26
23	114	147	0	0	43	31	116	151	50	105	128
12	8	2	0	117	0	19	0	0	14	0	0
//

TF	DMF0037
TN	4	12
TH	0.800000
5	0	0	14	19	11	0	19	11	0	47	0
180	122	198	127	56	150	188	96	178	202	0	194
10	50	4	32	105	22	6	39	2	0	51	8
7	30	0	29	22	19	8	48	11	0	104	0
//

TF	DMF0038
TN	4	12
TH	0.800000
23	17	13	11	13	3	4	25	0	32	0	0
126	113	188	207	0	223	209	101	236	56	190	195
42	58	16	5	0	0	12	68	0	71	30	26
45	48	19	13	223	10	11	42	0	77	16	15
//

TF	DMF0039
TN	4	12
TH	0.800000
0	5	11	4	10	0	3	9	12	27	19	0
175	146	154	164	0	174	169	143	145	57	133	146
9	10	6	8	160	6	9	12	10	68	19	25
0	23	13	8	14	4	3	20	17	32	13	13
//

TF	DMF0040
TN	4	12
TH	0.800000
8	5	19	13	7	0	3	4	0	10	0	11
125	126	128	91	8	160	151	144	150	6	163	141
21	17	7	50	141	6	12	8	12	135	6	14
15	21	15	15	13	3	3	13	7	18	0	3
//

TF	DMF0041
TN	4	12
TH	0.800000
0	5	0	4	15	25	4	25	26	17	0	26
45	15	188	0	13	44	24	130	43	0	0	67
136	175	0	186	162	131	171	29	104	183	200	92
19	5	12	10	10	0	1	16	27	0	0	15
//

TF	DMF0042
TN	4	12
TH	0.800000
0	32	9	19	3	16	10	20	0	0	7	13
207	106	163	59	201	127	214	152	7	222	194	193
8	36	38	108	15	42	0	33	200	0	13	8
9	50	14	38	5	39	0	19	17	2	10	10
//

TF	DMF0043
TN	4	12
TH	0.800000
11	21	20	9	43	45	0	18	14	137	0	19
6	22	21	7	35	0	0	11	0	0	0	10
115	87	96	113	38	76	137	103	123	0	131	108
5	7	0	8	21	16	0	5	0	0	6	0
//

TF	DMF0044
TN	4	12
TH	0.800000
20	16	16	6	0	0	16	9	4	5	12	7
120	115	37	145	170	172	135	0	163	164	120	162
9	29	86	9	6	4	11	147	6	7	23	7
27	16	37	16	0	0	14	20	3	0	21	0
//

TF	DMF0045
TN	4	12
TH	0.800000
27	0	25	0	76	0	0	0	0	11	0	17
0	69	45	115	0	115	0	38	0	33	115	40
88	46	30	0	20	0	115	0	110	71	0	34
0	0	15	0	19	0	0	77	5	0	0	24
//

TF	DMF0046
TN	4	12
TH	0.800000
19	0	0	12	0	3	20	16	28	21	0	10
159	210	230	3	224	211	141	180	94	113	189	193
29	14	0	193	3	11	43	18	65	58	29	15
23	6	0	22	3	5	26	16	43	38	12	12
//

TF	DMF0047
TN	4	12
TH	0.800000
0	21	0	0	15	7	11	4	4	15	19	20
121	19	186	211	151	195	4	198	200	151	170	92
75	134	12	0	30	4	176	6	0	25	6	66
15	37	13	0	15	5	20	3	7	20	16	33
//

TF	DMF0048
TN	4	12
TH	0.800000
19	15	37	0	8	54	8	0	13	24	26	8
91	199	102	0	232	58	5	229	194	209	120	17
117	22	62	244	6	110	235	10	24	0	65	213
21	12	47	4	2	26	0	9	17	15	37	10
//

TF	DMF0049
TN	4	12
TH	0.800000
28	0	37	0	1	24	82	8	0	67	21	0
53	253	162	11	245	227	0	162	265	79	116	0
170	18	50	238	21	0	121	56	0	70	42	271
20	0	22	22	4	20	68	45	6	55	92	0
//

TF	DMF0050
TN	4	12
TH	0.800000
14	5	18	7	0	7	13	9	7	5	7	6
128	0	57	28	157	139	11	130	5	112	16	140
10	148	61	121	0	5	126	17	141	21	130	14
8	7	24	4	3	9	10	4	7	22	7	0
//

TF	DMF0051
TN	4	12
TH	0.800000
0	2	7	33	7	12	35	19	0	17	18	32
0	10	2	30	10	46	80	25	0	40	7	44
0	174	178	116	168	112	46	118	184	116	155	111
187	1	0	8	2	17	26	25	3	14	7	0
//

TF	DMF0052
TN	4	13
TH	0.800000
0	0	36	2	85	30	0	0	28	20	58	0	50
0	305	132	289	98	71	74	299	72	208	87	249	104
305	0	137	0	77	137	231	0	161	48	117	56	92
0	0	0	14	45	67	0	6	44	29	43	0	59
//

TF	DMF0053
TN	4	12
TH	0.800000
20	18	20	10	0	23	3	10	16	5	13	18
23	9	20	0	8	144	5	0	13	6	144	65
127	143	140	164	167	0	168	162	147	169	10	75
10	10	0	6	5	13	4	8	4	0	13	22
//

TF	DMF0054
TN	4	12
TH	0.800000
23	0	0	0	9	21	55	8	0	8	19	15
0	71	45	29	0	0	0	0	71	43	52	27
31	0	26	33	62	50	0	63	0	20	0	29
17	0	0	9	0	0	16	0	0	0	0	0
//

TF	DMF0055
TN	4	12
TH	0.800000
12	12	0	27	0	10	0	7	12	18	0	14
74	163	204	64	152	0	35	179	165	23	181	170
84	22	0	71	32	183	169	12	15	141	17	12
34	7	0	42	20	11	0	6	12	22	6	8
//

TF	DMF0056
TN	4	12
TH	0.800000
13	26	50	21	13	0	7	0	36	0	8	6
132	84	110	0	15	186	179	195	102	7	122	162
32	69	0	152	154	0	0	0	30	188	60	27
18	16	35	22	13	9	9	0	27	0	5	0
//

TF	DMF0057
TN	4	12
TH	0.800000
19	10	12	44	8	23	25	9	0	49	5	0
109	248	226	41	260	172	84	235	278	0	243	273
120	13	19	148	0	61	115	15	0	100	22	0
30	7	21	45	10	22	54	19	0	129	8	5
//

TF	DMF0058
TN	4	12
TH	0.800000
0	82	0	21	30	0	0	0	41	0	29	0
190	59	239	0	0	0	86	103	137	85	99	245
38	82	6	208	72	245	123	94	0	160	117	0
17	22	0	16	143	0	36	48	67	0	0	0
//

TF	DMF0059
TN	4	12
TH	0.800000
0	0	127	8	0	32	31	0	34	0	32	0
167	339	85	312	17	112	39	0	171	301	117	174
122	0	93	0	313	86	245	339	90	0	120	165
50	0	34	19	9	109	24	0	44	38	70	0
//

TF	DMF0060
TN	4	12
TH	0.800000
0	29	32	0	25	229	23	21	59	14	42	0
0	144	58	8	41	0	17	77	103	13	96	98
229	56	114	221	163	0	181	131	67	202	91	99
0	0	25	0	0	0	8	0	0	0	0	32
//

TF	DMF0061
TN	4	12
TH	0.800000
0	24	15	52	0	20	0	54	9	0	22	0
137	0	87	59	82	0	158	0	61	125	54	158
0	134	56	47	76	85	0	0	59	0	56	0
21	0	0	0	0	53	0	104	29	33	26	0
//

TF	DMF0062
TN	4	12
TH	0.800000
24	0	50	66	38	3	300	0	13	0	0	17
135	208	93	107	147	294	0	300	7	68	4	105
113	0	124	89	91	3	0	0	280	9	296	151
28	92	33	38	24	0	0	0	0	223	0	27
//

TF	DMF0063
TN	4	12
TH	0.800000
0	24	38	0	30	21	11	33	8	24	45	5
342	147	129	47	156	165	325	0	313	245	76	337
0	137	82	295	122	89	6	171	21	43	194	0
0	34	93	0	34	67	0	138	0	30	27	0
//

TF	DMF0064
TN	4	12
TH	0.800000
8	0	0	0	8	5	20	5	30	0	0	4
110	149	117	32	154	157	35	173	96	11	178	162
39	22	31	113	16	10	100	0	37	167	0	9
21	7	30	33	0	6	23	0	15	0	0	3
//

TF	DMF0065
TN	4	13
TH	0.800000
29	0	9	29	0	19	36	11	38	29	23	0	0
63	242	24	111	4	93	85	213	116	53	34	0	251
144	0	204	67	242	111	104	20	62	145	184	251	0
15	9	14	44	5	28	26	7	35	24	10	0	0
//

TF	DMF0066
TN	4	12
TH	0.800000
34	0	0	0	24	51	23	196	0	0	0	0
114	76	120	0	134	71	80	0	10	63	0	149
105	214	110	290	132	135	172	0	270	200	290	111
37	0	60	0	0	33	15	94	10	27	0	30
//

TF	DMF0067
TN	4	12
TH	0.800000
0	0	46	10	19	12	0	0	41	19	0	0
137	171	115	0	105	155	236	198	68	66	236	236
60	39	40	226	86	39	0	0	91	132	0	0
39	26	35	0	26	30	0	38	36	19	0	0
//

TF	DMF0068
TN	4	12
TH	0.800000
11	16	12	19	25	0	7	21	0	0	31	13
190	139	180	165	95	226	235	9	243	250	117	195
26	74	33	42	71	12	3	0	5	0	73	31
23	21	25	24	59	12	5	220	2	0	29	11
//

TF	DMF0069
TN	4	12
TH	0.800000
71	0	0	8	0	23	33	0	31	37	50	52
79	0	41	292	0	85	93	57	0	104	128	99
99	300	259	0	0	142	120	243	247	126	122	114
51	0	0	0	300	50	54	0	22	33	0	35
//

TF	DMF0070
TN	4	12
TH	0.800000
0	225	2	23	14	1	24	30	0	49	25	40
298	25	292	0	55	7	89	136	298	82	146	139
0	48	4	275	22	290	158	72	0	105	127	96
0	0	0	0	207	0	27	60	0	62	0	23
//

TF	DMF0071
TN	4	12
TH	0.800000
6	0	15	12	14	52	0	0	46	38	18	34
23	0	289	20	22	101	0	152	149	66	60	150
275	304	0	272	261	123	304	125	74	137	208	99
0	0	0	0	7	28	0	27	35	63	18	21
//

TF	DMF0072
TN	4	12
TH	0.800000
19	0	49	0	36	0	0	28	39	12	31	24
225	258	105	285	33	262	0	108	115	267	115	126
41	0	102	0	202	23	285	114	96	0	73	92
0	27	29	0	14	0	0	35	35	6	66	43
//

TF	DMF0073
TN	4	12
TH	0.800000
23	10	99	0	23	25	10	0	0	0	17	18
152	244	61	282	18	117	23	0	260	155	88	244
85	14	84	0	235	49	238	282	0	77	146	0
22	14	38	0	6	91	11	0	22	50	31	20
//

TF	DMF0074
TN	4	12
TH	0.800000
5	4	49	20	6	0	0	6	10	16	12	29
9	7	40	25	16	0	6	16	15	14	25	52
127	141	63	107	130	0	141	120	120	116	110	57
11	0	0	0	0	152	5	10	7	6	5	14
//

TF	DMF0075
TN	4	12
TH	0.800000
3	146	3	2	8	25	13	13	23	15	8	7
0	0	0	7	13	39	19	24	19	8	13	28
153	0	154	144	133	69	116	112	106	132	134	116
3	13	2	6	5	26	11	10	11	4	4	8
//

TF	DMF0076
TN	4	12
TH	0.800000
0	2	4	2	28	0	18	16	27	17	10	31
215	0	132	222	110	0	118	191	82	169	168	43
9	0	40	0	53	212	74	11	63	25	31	129
0	222	48	0	33	12	14	6	52	13	15	21
//

TF	DMF0077
TN	4	12
TH	0.800000
28	0	48	0	269	21	36	42	0	61	18	23
82	287	72	0	0	6	86	125	269	67	113	34
152	0	118	287	0	255	144	95	0	118	109	222
25	0	49	0	18	5	21	25	18	41	47	8
//

TF	DMF0078
TN	4	12
TH	0.800000
0	4	3	6	22	0	5	0	16	22	5	0
0	0	19	3	0	13	0	3	6	0	0	22
22	18	0	10	0	7	10	19	0	0	17	0
0	0	0	3	0	2	7	0	0	0	0	0
//

TF	DMF0079
TN	4	12
TH	0.800000
0	0	7	0	0	0	36	10	0	0	30	18
0	71	13	187	0	39	38	16	107	125	30	27
192	121	172	5	188	135	95	161	69	67	104	147
0	0	0	0	4	18	23	5	16	0	28	0
//

TF	DMF0080
TN	4	12
TH	0.800000
0	42	5	47	56	27	0	55	57	23	218	27
0	60	0	144	0	0	0	67	30	69	0	41
218	90	213	0	122	162	218	77	92	126	0	126
0	26	0	27	40	29	0	19	39	0	0	24
//

TF	DMF0081
TN	4	12
TH	0.800000
6	23	0	12	0	0	23	9	19	0	14	9
179	121	155	18	192	186	111	183	28	171	105	176
0	27	26	124	0	6	34	0	106	13	52	0
7	21	11	38	0	0	24	0	39	8	21	7
//

TF	DMF0082
TN	4	12
TH	0.800000
18	39	52	0	16	16	13	11	40	0	15	0
69	123	38	6	66	146	0	109	78	0	35	0
169	72	156	262	167	71	0	129	91	268	204	268
12	34	22	0	19	35	255	19	59	0	14	0
//

TF	DMF0083
TN	4	12
TH	0.800000
0	27	0	0	0	0	0	0	46	0	0	0
0	106	261	0	136	119	0	139	110	118	132	166
290	126	0	0	123	103	290	114	91	114	158	79
0	31	29	290	31	68	0	37	43	58	0	45
//

TF	DMF0084
TN	4	12
TH	0.800000
8	18	7	0	23	10	10	8	0	27	15	34
0	30	0	10	139	0	9	0	5	119	41	18
155	107	159	159	0	151	153	160	167	15	101	92
9	17	6	3	10	11	0	4	0	11	15	28
//

TF	DMF0085
TN	4	12
TH	0.800000
30	32	13	81	0	46	38	0	32	21	0	0
130	138	271	70	303	96	143	0	0	113	318	318
123	115	20	125	13	144	49	318	249	155	0	0
35	33	14	42	2	32	88	0	37	29	0	0
//

TF	DMF0086
TN	4	12
TH	0.800000
1	0	16	0	15	11	7	8	13	0	4	0
11	132	27	14	28	34	130	13	93	12	20	121
128	14	80	132	103	101	0	125	40	130	121	25
6	0	23	0	0	0	9	0	0	4	1	0
//

TF	DMF0087
TN	4	12
TH	0.800000
6	0	25	5	12	14	11	9	0	9	11	6
29	0	92	0	109	16	25	17	0	118	17	19
96	131	0	126	0	90	73	94	129	0	94	102
0	0	14	0	10	11	22	11	2	4	9	4
//

TF	DMF0088
TN	4	12
TH	0.800000
44	18	0	31	10	0	234	95	0	36	38	20
154	106	234	81	9	30	0	45	29	113	65	31
0	110	0	104	209	204	0	77	198	39	97	178
36	0	0	18	6	0	0	17	7	46	34	5
//

TF	DMF0089
TN	4	12
TH	0.800000
0	0	55	63	19	0	177	2	7	12	4	9
99	274	94	49	210	274	37	260	0	78	8	94
175	0	90	144	36	0	51	0	267	32	253	140
0	0	35	18	9	0	9	12	0	152	9	31
//

TF	DMF0090
TN	4	13
TH	0.800000
0	0	0	0	45	6	0	9	0	0	0	0	14
50	36	47	75	0	41	0	29	0	0	75	43	33
0	24	28	0	0	17	75	5	61	75	0	32	26
25	15	0	0	30	11	0	32	14	0	0	0	2
//

TF	DMF0091
TN	4	12
TH	0.800000
16	0	0	0	0	0	0	27	0	14	0	0
60	116	0	59	0	60	61	52	57	47	64	72
0	0	0	32	0	56	26	37	59	55	0	44
40	0	116	25	116	0	29	0	0	0	52	0
//

TF	DMF0092
TN	4	12
TH	0.800000
58	21	33	152	25	0	0	27	0	75	0	0
68	39	63	0	49	0	56	51	0	0	0	72
0	78	56	0	54	152	53	74	152	77	152	80
26	14	0	0	24	0	43	0	0	0	0	0
//

TF	DMF0093
TN	4	12
TH	0.800000
42	0	48	57	0	167	22	0	0	94	0	49
40	0	119	40	102	0	41	0	94	0	75	60
49	167	0	70	65	0	73	167	73	0	92	42
36	0	0	0	0	0	31	0	0	73	0	16
//

TF	DMF0094
TN	4	12
TH	0.800000
19	57	0	12	48	137	4	34	22	7	15	40
67	63	0	29	110	0	0	94	24	16	265	90
167	121	280	221	110	0	270	152	217	252	0	105
27	39	0	18	12	143	6	0	17	5	0	45
//

TF	DMF0095
TN	4	12
TH	0.800000
26	19	5	0	0	0	25	0	33	16	29	13
0	0	17	148	0	45	22	0	115	44	25	0
98	129	123	0	141	93	93	144	0	73	64	135
24	0	3	0	7	10	8	4	0	15	30	0
//

TF	DMF0096
TN	4	12
TH	0.800000
27	0	0	0	40	0	0	212	33	0	49	0
86	68	53	81	78	25	0	0	0	56	84	19
99	144	123	131	62	187	212	0	165	145	45	193
0	0	36	0	32	0	0	0	14	11	34	0
//

TF	DMF0097
TN	4	12
TH	0.800000
13	8	11	43	12	4	195	0	25	0	12	16
17	20	19	61	14	7	0	0	15	87	26	22
148	152	156	61	159	184	0	195	145	80	150	150
17	15	9	30	10	0	0	0	10	28	7	7
//

TF	DMF0098
TN	4	12
TH	0.800000
20	15	11	0	169	5	15	11	24	32	12	14
24	42	7	0	13	4	0	31	40	36	6	7
123	117	157	182	0	169	163	131	105	94	158	157
15	8	7	0	0	4	4	9	13	20	6	4
//

TF	DMF0099
TN	4	12
TH	0.800000
0	0	0	0	29	0	0	0	0	0	0	0
84	75	35	111	0	0	130	41	72	130	0	79
46	40	78	19	66	130	0	55	58	0	95	51
0	15	17	0	35	0	0	34	0	0	35	0
//

TF	DMF0100
TN	4	12
TH	0.800000
0	31	22	15	30	35	57	21	22	0	0	149
0	97	36	55	119	65	59	53	77	0	61	0
149	0	51	54	0	49	0	51	50	0	88	0
0	21	40	25	0	0	33	24	0	149	0	0
//

TF	DMF0101
TN	4	12
TH	0.750000
11	21	17	150	34	10	115	44	17	50	22	16
24	53	21	164	37	16	152	68	20	256	24	35
359	304	364	31	324	376	103	264	366	68	346	343
17	33	9	66	16	9	41	35	8	37	19	17
//

TF	DMF0102
TN	4	12
TH	0.750000
10	5	23	33	17	44	7	41	53	41	28	45
24	14	335	33	13	66	22	283	102	53	39	126
327	362	7	284	343	252	349	33	193	227	296	187
20	0	16	31	8	19	3	24	33	60	18	23
//

TF	DMF0103
TN	4	12
TH	0.750000
59	58	143	64	9	397	2	33	17	3	0	64
133	122	164	91	435	16	420	10	81	5	36	236
171	240	82	263	8	28	14	404	8	434	399	86
89	32	63	34	0	11	16	5	346	10	17	66
//

TF	DMF0104
TN	4	12
TH	0.750000
21	16	22	17	23	24	14	9	20	6	19	20
193	228	38	29	50	28	229	246	0	27	29	36
51	24	189	234	205	224	28	23	40	249	216	221
23	20	39	8	10	12	17	10	228	6	24	11
//

TF	DMF0105
TN	4	12
TH	0.750000
21	22	24	15	40	36	21	26	12	36	31	25
19	36	26	23	241	33	13	29	7	255	51	15
270	251	253	279	13	229	275	265	310	19	212	264
19	20	26	12	35	31	20	9	0	19	35	25
//

TF	DMF0106
TN	4	12
TH	0.750000
15	9	23	34	36	63	32	8	20	65	14	26
17	0	319	240	209	127	70	16	365	73	21	287
366	390	55	94	120	157	281	380	17	204	369	72
14	13	15	44	47	65	29	8	10	70	8	27
//

TF	DMF0107
TN	4	12
TH	0.750000
14	23	71	20	38	29	56	10	88	25	13	0
31	326	57	31	33	30	119	22	203	27	22	47
343	22	190	312	290	312	170	348	45	318	341	328
3	20	73	28	30	20	46	11	55	21	15	16
//

TF	DMF0108
TN	4	12
TH	0.750000
25	14	36	50	7	49	11	78	0	61	24	8
211	381	319	62	387	252	400	102	406	274	25	410
147	19	46	206	28	84	10	135	18	51	355	10
54	23	36	119	15	52	16	122	13	51	33	9
//

TF	DMF0109
TN	4	12
TH	0.750000
18	38	22	109	27	24	105	24	17	41	29	10
21	94	26	172	44	27	112	32	20	317	23	29
343	227	328	52	310	339	140	333	356	20	323	352
17	40	23	66	18	9	42	10	6	21	24	8
//

TF	DMF0110
TN	4	12
TH	0.750000
12	28	57	82	16	85	19	13	229	23	16	26
19	43	85	94	42	169	23	15	97	9	36	338
357	320	232	193	338	104	342	375	46	364	339	37
20	17	34	39	12	50	24	5	36	12	17	7
//

TF	DMF0111
TN	4	12
TH	0.750000
21	11	12	17	17	50	31	16	18	18	56	10
35	28	28	281	40	182	18	35	43	287	75	19
280	308	299	32	283	82	279	286	283	29	151	318
19	8	16	25	15	41	27	18	11	21	73	8
//

TF	DMF0112
TN	4	12
TH	0.750000
15	16	83	8	18	44	59	12	40	30	17	16
46	346	100	0	291	206	115	329	253	0	32	36
321	26	147	381	60	66	156	41	67	335	331	336
16	10	68	9	29	82	68	16	38	33	18	10
//

TF	DMF0113
TN	4	12
TH	0.750000
20	43	55	33	9	46	9	26	22	9	22	39
349	321	124	176	392	121	389	328	13	389	360	336
39	32	193	143	15	130	21	37	333	20	32	28
19	31	55	75	11	130	8	36	59	9	13	24
//

TF	DMF0114
TN	4	12
TH	0.750000
54	58	81	90	22	10	338	9	16	15	0	40
166	158	121	77	409	442	11	409	11	30	2	258
193	196	214	256	26	10	95	10	437	16	456	111
51	52	48	41	7	2	20	36	0	403	6	55
//

TF	DMF0115
TN	4	12
TH	0.750000
23	24	7	24	14	15	22	8	28	20	10	20
230	59	277	184	274	279	0	291	210	87	287	258
72	214	24	84	18	21	265	17	56	218	9	32
0	28	17	33	19	10	38	9	31	0	19	15
//

TF	DMF0116
TN	4	12
TH	0.750000
14	8	22	45	26	49	21	37	36	45	10	14
29	21	317	61	42	55	9	74	275	158	18	300
315	332	19	217	288	241	342	244	40	120	333	44
14	11	14	49	16	27	0	17	21	49	11	14
//

TF	DMF0117
TN	4	12
TH	0.750000
30	0	0	48	0	10	64	16	64	0	10	12
272	315	349	47	375	377	135	342	148	82	364	370
68	68	31	204	22	12	143	25	117	281	24	20
42	29	32	113	15	13	70	29	83	49	14	10
//

TF	DMF0118
TN	4	12
TH	0.750000
5	26	17	16	16	4	3	15	51	31	45	41
304	212	321	296	7	327	319	290	177	203	250	221
26	55	13	14	289	14	18	12	48	78	24	50
16	58	0	25	39	6	11	34	75	39	32	39
//

TF	DMF0119
TN	4	13
TH	0.750000
19	8	17	45	20	65	9	39	42	68	33	36	29
19	0	391	35	19	146	18	268	129	119	30	122	99
367	416	0	283	380	182	393	94	217	138	341	247	263
22	3	19	64	8	34	7	26	39	102	23	22	36
//

TF	DMF0120
TN	4	12
TH	0.750000
17	7	2	110	18	15	30	25	22	30	27	38
8	375	398	153	373	21	245	129	302	238	302	294
375	23	6	91	11	368	69	219	58	62	46	55
15	10	9	61	13	11	71	42	33	85	40	28
//

TF	DMF0121
TN	4	12
TH	0.750000
24	13	79	51	22	6	36	12	77	22	6	5
113	387	207	96	238	396	241	374	248	18	408	420
269	23	94	207	130	15	88	31	53	360	14	0
27	10	53	79	43	16	68	16	55	33	5	8
//

TF	DMF0122
TN	4	12
TH	0.750000
20	23	20	12	40	33	21	25	14	34	32	31
18	35	29	23	249	26	16	22	10	248	55	16
264	245	249	280	0	234	265	266	294	20	201	247
20	19	24	7	33	29	20	9	4	20	34	28
//

TF	DMF0123
TN	4	12
TH	0.750000
41	20	11	5	15	20	21	8	22	22	27	25
166	0	301	294	287	293	13	332	230	227	254	224
116	295	17	19	25	17	273	0	53	53	24	66
22	30	16	27	18	15	38	5	40	43	40	30
//

TF	DMF0124
TN	4	12
TH	0.750000
21	35	36	39	5	30	9	19	16	10	40	16
57	21	49	74	16	242	15	38	13	15	247	55
217	221	207	181	277	12	271	228	273	276	0	236
12	30	15	13	9	23	12	22	5	6	20	0
//

TF	DMF0125
TN	4	12
TH	0.750000
61	56	143	55	9	399	2	32	20	3	10	69
137	119	157	94	443	25	431	10	93	6	26	230
170	255	100	284	9	24	13	413	10	444	405	97
93	31	61	28	0	13	15	6	338	8	20	65
//

TF	DMF0126
TN	4	12
TH	0.750000
11	31	21	24	45	17	54	17	9	10	27	23
0	249	65	283	202	37	138	32	28	322	271	36
344	57	240	36	70	285	112	284	309	16	38	267
0	18	29	12	38	16	51	22	9	7	19	29
//

TF	DMF0127
TN	4	12
TH	0.750000
35	9	8	22	12	16	9	0	34	29	44	53
49	304	299	279	318	0	315	323	206	280	182	198
222	20	17	29	12	301	15	20	52	13	87	60
45	18	27	21	9	34	12	8	59	29	38	40
//

TF	DMF0128
TN	4	12
TH	0.750000
0	25	108	99	18	2	39	55	21	76	18	60
0	58	109	50	31	20	359	54	22	129	21	167
436	331	167	215	382	411	19	263	368	204	381	159
0	22	52	72	5	3	19	64	25	27	16	50
//

TF	DMF0129
TN	4	12
TH	0.750000
46	17	0	25	35	15	53	7	35	54	49	27
42	25	10	337	34	18	76	14	290	120	49	44
249	327	374	7	290	340	232	357	42	167	222	298
49	17	2	17	27	13	25	8	19	45	66	17
//

TF	DMF0130
TN	4	12
TH	0.750000
2	14	17	35	22	12	77	38	19	40	46	13
19	16	324	275	30	314	105	73	57	233	69	319
347	326	21	27	298	34	146	183	277	64	221	19
0	12	6	31	18	8	40	74	15	31	32	17
//

TF	DMF0131
TN	4	12
TH	0.750000
27	9	27	5	8	47	20	39	20	9	43	21
233	339	31	339	346	156	306	97	299	329	208	315
74	17	0	25	19	119	32	172	40	20	75	31
49	18	325	14	10	61	25	75	24	25	57	16
//

TF	DMF0132
TN	4	13
TH	0.750000
11	8	40	38	12	81	11	31	36	67	14	51	12
21	8	282	42	22	91	17	83	244	93	15	180	31
333	352	20	259	317	157	334	241	65	147	343	103	311
7	4	30	33	21	43	10	17	27	65	0	38	18
//

TF	DMF0133
TN	4	12
TH	0.750000
27	52	19	11	116	58	13	38	8	10	221	12
49	250	26	377	105	164	19	135	30	366	143	20
330	89	355	23	165	113	372	193	372	36	0	381
15	30	21	10	35	86	17	55	11	9	57	8
//

TF	DMF0134
TN	4	12
TH	0.750000
6	344	0	28	17	6	10	61	48	70	42	48
434	29	424	5	63	5	55	181	168	194	101	150
5	50	9	405	16	428	357	117	229	134	254	206
0	22	12	7	349	6	23	86	0	47	48	41
//

TF	DMF0135
TN	4	12
TH	0.750000
26	0	45	29	7	20	45	51	21	11	24	15
140	366	283	22	367	319	244	171	26	324	284	343
171	14	37	302	11	33	50	103	316	39	55	20
55	12	27	39	7	20	53	67	29	18	29	14
//

TF	DMF0136
TN	4	12
TH	0.750000
39	20	7	7	15	22	29	5	12	33	23	29
211	21	293	303	286	290	11	321	285	206	284	177
79	257	21	18	27	17	263	13	27	62	12	105
14	45	22	15	15	14	40	4	19	42	24	32
//

TF	DMF0137
TN	4	12
TH	0.750000
22	41	9	24	70	31	16	70	12	0	30	17
42	59	19	36	188	31	11	143	23	21	280	23
276	229	322	284	61	271	320	108	311	328	22	303
19	30	9	15	40	26	12	38	13	10	27	16
//

TF	DMF0138
TN	4	12
TH	0.750000
11	9	73	13	15	67	13	43	45	38	28	54
28	7	258	0	0	108	32	268	168	48	29	123
349	388	29	400	389	198	357	75	149	255	345	213
25	9	53	0	9	40	11	27	51	72	11	23
//

TF	DMF0139
TN	4	15
TH	0.750000
12	391	1	30	21	0	8	46	41	50	51	57	76	72	50
449	15	442	8	92	9	31	236	209	159	189	213	154	152	156
4	37	4	422	15	448	412	95	126	191	157	154	174	174	216
0	22	18	5	337	8	14	88	89	65	68	41	61	67	43
//

TF	DMF0140
TN	4	12
TH	0.750000
38	38	27	46	34	5	36	9	25	31	11	27
77	61	13	65	39	22	254	19	27	15	0	289
170	209	272	199	244	294	20	288	253	278	321	0
47	24	20	22	15	11	22	16	27	8	0	16
//

TF	DMF0141
TN	4	12
TH	0.750000
40	41	74	21	3	46	9	13	32	19	43	41
58	23	68	30	15	293	16	19	30	19	277	134
244	281	200	309	349	0	334	326	300	327	30	151
31	28	31	13	6	34	14	15	11	8	23	47
//

TF	DMF0142
TN	4	12
TH	0.750000
0	9	30	11	0	24	51	37	29	33	12	23
299	350	16	310	339	296	175	151	293	175	314	294
45	11	0	29	21	28	89	115	33	97	27	26
37	11	335	31	21	33	66	78	26	76	28	38
//

TF	DMF0143
TN	4	12
TH	0.750000
42	24	7	9	15	12	32	7	14	31	30	23
154	28	336	284	313	318	8	343	295	195	264	240
132	263	17	34	20	18	275	10	29	60	23	61
32	45	0	33	12	12	45	0	22	74	43	36
//

TF	DMF0144
TN	4	12
TH	0.750000
57	16	7	313	4	30	13	0	0	52	32	82
80	381	428	14	429	19	41	11	265	105	245	161
246	30	4	95	9	390	28	423	120	148	111	133
59	15	3	20	0	3	360	8	57	137	54	66
//

TF	DMF0145
TN	4	12
TH	0.750000
43	21	17	0	26	18	0	10	26	0	46	20
118	239	280	321	258	8	327	287	290	321	63	298
137	54	24	23	44	300	22	46	0	14	189	28
63	47	40	17	33	35	12	18	45	26	63	15
//

TF	DMF0146
TN	4	12
TH	0.750000
52	84	77	20	8	328	6	24	15	0	36	71
165	133	67	411	443	17	411	14	23	4	263	93
192	198	264	29	6	98	12	422	19	450	106	185
51	45	52	0	3	17	31	0	403	6	55	111
//

TF	DMF0147
TN	4	12
TH	0.750000
0	23	0	39	6	19	18	46	32	13	18	16
302	241	325	37	319	223	280	189	47	294	265	280
20	37	16	197	13	60	20	51	215	21	30	21
19	40	0	68	3	39	23	55	47	13	28	24
//

TF	DMF0148
TN	4	12
TH	0.750000
32	13	25	29	36	16	6	8	19	31	39	9
179	260	251	267	215	10	300	308	262	266	32	300
79	32	28	18	60	283	18	11	20	20	213	20
44	29	30	20	23	25	10	7	33	17	50	5
//

TF	DMF0149
TN	4	12
TH	0.750000
24	23	5	31	18	17	24	12	41	33	35	28
27	42	12	252	20	21	37	24	218	44	29	22
235	228	290	11	261	257	238	271	28	209	222	261
25	18	4	17	12	16	12	4	24	25	25	0
//

TF	DMF0150
TN	4	12
TH	0.750000
25	36	20	0	10	17	39	29	12	19	21	15
256	210	31	294	261	265	195	16	272	271	223	267
0	39	211	4	26	13	38	231	19	0	43	14
34	30	53	17	18	20	43	39	12	25	28	19
//

TF	DMF0151
TN	4	12
TH	0.750000
52	62	102	41	4	346	9	22	17	2	24	66
134	125	269	150	410	20	378	13	66	9	74	281
138	199	0	208	7	45	15	384	22	402	295	0
98	36	51	23	1	11	20	3	317	9	29	75
//

TF	DMF0152
TN	4	12
TH	0.750000
26	62	17	104	34	27	329	31	12	46	22	0
0	109	0	168	71	231	0	144	22	235	19	44
379	180	398	106	309	155	64	212	384	46	364	374
20	74	10	47	11	12	32	38	7	98	20	7
//

TF	DMF0153
TN	4	12
TH	0.750000
63	47	0	50	0	45	73	18	6	383	38	22
108	88	56	81	51	123	165	23	0	0	11	49
188	232	325	210	340	210	138	349	400	0	341	320
51	43	29	69	19	32	34	20	4	27	20	19
//

TF	DMF0154
TN	4	12
TH	0.750000
14	30	30	65	25	28	17	32	71	3	39	16
19	266	33	51	47	27	43	307	140	8	79	16
358	61	316	224	298	325	310	45	115	387	249	360
7	41	19	58	28	18	28	14	72	0	31	6
//

TF	DMF0155
TN	4	12
TH	0.750000
103	57	10	378	0	25	20	1	8	47	41	42
187	123	445	25	422	0	118	9	0	264	198	185
116	247	7	41	18	430	28	447	439	66	155	190
58	37	2	20	24	9	298	7	17	87	70	47
//

TF	DMF0156
TN	4	12
TH	0.750000
18	32	47	10	36	0	10	18	47	19	93	33
0	331	150	365	304	0	267	362	116	345	151	237
358	34	149	21	40	0	115	17	173	30	117	92
42	21	72	22	38	418	26	21	82	24	57	56
//

TF	DMF0157
TN	4	12
TH	0.750000
0	11	10	25	12	33	11	16	29	21	31	50
27	307	299	285	303	17	312	277	195	320	207	149
298	19	21	22	23	258	23	36	78	12	65	102
28	16	23	21	15	45	7	24	51	0	50	52
//

TF	DMF0158
TN	4	12
TH	0.750000
35	36	16	17	22	16	113	0	45	65	12	10
225	104	25	306	79	348	0	27	118	159	0	357
93	191	342	50	261	0	204	338	204	131	364	17
37	59	7	17	28	26	73	25	23	35	14	6
//

TF	DMF0159
TN	4	12
TH	0.750000
11	35	20	14	49	8	28	53	0	27	65	48
21	307	22	19	99	38	299	78	33	26	125	147
342	0	341	350	211	337	28	212	313	317	158	135
9	41	0	0	24	0	28	40	37	13	35	53
//

TF	DMF0160
TN	4	12
TH	0.750000
62	24	23	92	27	14	34	59	17	44	32	17
103	41	0	146	25	0	320	108	33	299	21	65
125	273	344	65	315	342	0	132	302	0	282	263
77	29	0	64	0	11	13	68	15	24	32	22
//

TF	DMF0161
TN	4	12
TH	0.750000
23	41	55	15	15	44	59	6	27	46	27	14
325	149	87	23	17	283	171	15	333	41	30	32
41	168	198	343	364	52	117	360	22	290	321	356
13	44	62	21	6	23	55	21	20	25	24	0
//

TF	DMF0162
TN	4	12
TH	0.750000
49	12	414	0	31	0	6	28	54	49	73	54
184	409	19	391	5	119	0	88	185	218	154	163
200	12	0	25	390	18	415	279	111	166	141	216
0	0	0	17	7	296	12	38	83	0	65	0
//

TF	DMF0163
TN	4	12
TH	0.750000
39	16	13	21	17	22	7	13	0	30	54	0
80	278	300	277	289	7	318	273	317	266	93	319
184	39	11	33	30	303	24	50	15	33	150	23
56	26	35	28	23	27	10	23	27	30	62	17
//

TF	DMF0164
TN	4	12
TH	0.750000
44	32	5	17	15	14	0	6	9	0	22	40
151	47	293	255	286	291	7	309	313	219	262	192
111	209	20	33	21	14	287	12	0	57	17	68
30	48	18	31	14	17	42	9	14	60	35	36
//

TF	DMF0165
TN	4	12
TH	0.750000
23	17	37	45	28	31	24	15	6	0	40	9
43	29	164	46	268	39	37	18	16	340	86	0
284	306	130	250	36	266	249	328	344	10	190	355
21	19	40	30	39	35	61	10	5	21	55	7
//

TF	DMF0166
TN	4	12
TH	0.750000
9	33	0	0	32	8	36	38	15	27	54	32
364	77	387	351	51	373	241	128	323	296	223	70
0	202	0	19	211	0	57	143	28	53	58	249
14	75	0	17	93	6	53	78	21	11	52	36
//

TF	DMF0167
TN	4	12
TH	0.750000
105	58	25	252	1	33	17	2	19	62	65	0
106	165	377	35	376	28	0	0	72	159	0	151
138	183	0	94	0	330	0	399	290	106	209	205
57	0	4	25	29	15	389	5	25	79	132	50
//

TF	DMF0168
TN	4	12
TH	0.750000
48	20	10	0	42	17	62	9	0	0	42	30
39	26	0	348	54	31	122	0	293	98	63	54
234	302	352	8	231	305	154	357	53	230	201	268
49	22	8	14	43	17	32	4	24	42	64	18
//

TF	DMF0169
TN	4	12
TH	0.750000
28	43	39	61	0	79	0	10	37	62	13	18
41	69	73	207	0	84	21	0	208	257	27	54
294	252	259	62	378	154	356	380	128	0	329	305
27	26	19	60	12	73	13	0	17	71	21	13
//

TF	DMF0170
TN	4	12
TH	0.750000
26	23	13	19	9	21	21	28	47	12	0	20
155	209	285	0	302	231	171	238	0	241	268	291
109	62	16	0	0	44	89	28	177	55	44	0
40	36	16	311	19	34	49	36	106	22	18	19
//

TF	DMF0171
TN	4	12
TH	0.750000
28	36	97	0	39	15	35	14	35	22	0	21
216	284	136	0	120	323	215	327	330	12	359	280
109	48	80	356	193	35	79	31	0	354	22	61
35	20	75	32	36	15	59	16	23	0	7	26
//

TF	DMF0172
TN	4	16
TH	0.750000
67	0	0	52	78	77	0	98	0	0	51	66	0	45	48	63
110	0	48	52	145	137	35	85	6	0	235	101	53	122	75	94
146	352	329	241	154	114	325	123	371	372	61	145	279	180	205	197
54	25	0	32	0	49	17	71	0	5	30	65	45	30	49	23
//

TF	DMF0173
TN	4	12
TH	0.750000
20	24	6	26	47	0	51	52	45	25	246	25
59	22	0	267	55	20	56	38	41	60	63	21
195	263	303	0	171	280	181	198	207	209	0	248
35	0	0	16	36	9	21	21	16	15	0	15
//

TF	DMF0174
TN	4	12
TH	0.750000
46	46	0	37	17	23	19	14	12	0	38	70
127	132	374	246	335	327	0	351	333	353	276	164
193	130	19	51	26	17	323	17	28	0	35	94
27	85	0	59	15	26	51	11	20	40	44	65
//

TF	DMF0175
TN	4	14
TH	0.750000
19	35	30	46	40	37	45	11	0	265	27	34	52	24
21	71	51	55	68	56	95	9	10	0	12	33	147	32
276	185	214	181	183	200	138	286	304	28	269	249	96	248
0	25	21	34	25	23	38	10	2	23	8	0	21	12
//

TF	DMF0176
TN	4	12
TH	0.750000
98	87	59	15	308	6	31	21	1	0	74	62
90	95	256	395	0	369	18	0	12	195	108	139
228	234	69	0	108	12	359	0	391	221	126	147
0	0	32	6	0	29	8	395	12	0	108	68
//

TF	DMF0177
TN	4	12
TH	0.750000
0	38	29	11	8	24	22	43	9	11	38	17
285	198	97	277	289	292	303	0	311	322	194	305
30	70	170	33	25	16	0	240	21	19	66	17
37	46	56	31	30	20	27	69	11	0	54	13
//

TF	DMF0178
TN	4	12
TH	0.750000
17	17	30	5	20	58	33	47	40	17	48	32
368	332	0	359	343	147	288	156	217	387	186	240
0	17	0	23	23	128	53	111	100	0	107	100
19	38	374	17	18	71	30	90	47	0	63	32
//

TF	DMF0179
TN	4	12
TH	0.750000
18	18	12	51	39	46	0	38	34	35	6	0
0	204	298	146	186	87	76	210	263	0	0	315
340	130	39	125	120	210	262	126	47	0	345	48
16	22	25	52	29	31	36	0	30	339	23	11
//

TF	DMF0180
TN	4	12
TH	0.750000
36	0	11	71	35	19	8	28	0	49	24	6
104	276	362	199	184	32	329	195	372	272	0	356
202	83	0	68	108	327	42	130	9	34	346	19
48	31	17	52	63	12	11	37	9	35	20	9
//

TF	DMF0181
TN	4	12
TH	0.750000
0	0	26	53	11	10	0	12	24	0	20	15
210	198	175	123	261	295	0	232	268	175	226	278
71	52	59	90	24	12	0	50	0	54	54	0
36	67	57	51	21	0	317	23	25	88	17	24
//

TF	DMF0182
TN	4	12
TH	0.750000
13	47	30	54	24	0	48	64	17	72	30	30
20	196	27	42	32	0	316	86	17	120	37	0
357	82	309	260	303	386	0	161	331	161	295	341
0	65	24	34	31	4	26	79	25	37	28	19
//

TF	DMF0183
TN	4	12
TH	0.750000
17	27	26	14	0	31	34	23	19	48	19	0
247	301	0	223	314	222	225	47	295	97	219	255
37	0	302	68	14	35	33	211	0	127	72	46
27	0	0	23	0	40	36	47	14	56	18	27
//

TF	DMF0184
TN	4	12
TH	0.750000
13	0	14	27	0	0	106	35	18	0	42	21
329	50	143	319	152	259	137	148	0	246	0	298
0	0	163	0	151	69	85	117	328	96	254	49
26	318	48	22	65	40	40	68	22	26	72	0
//

TF	DMF0185
TN	4	12
TH	0.750000
13	40	0	53	0	24	39	29	21	15	67	12
370	128	389	245	0	317	215	220	298	368	66	333
21	149	12	62	381	40	105	105	47	0	199	40
0	87	3	44	23	23	45	50	38	21	72	19
//

TF	DMF0186
TN	4	12
TH	0.750000
45	63	0	0	54	55	4	34	0	14	95	56
113	187	0	374	256	0	9	99	19	382	139	121
245	123	426	51	84	91	410	270	403	22	132	204
30	60	7	8	39	287	10	30	11	15	67	52
//

TF	DMF0187
TN	4	12
TH	0.750000
29	20	283	10	0	64	56	34	77	0	47	57
47	32	52	0	21	195	73	0	0	27	64	130
273	306	0	354	341	86	167	306	246	330	239	154
22	13	36	7	9	26	75	31	48	14	21	30
//

TF	DMF0188
TN	4	12
TH	0.750000
17	12	13	17	24	24	10	26	25	38	0	56
0	328	270	320	271	22	316	268	215	222	274	141
303	0	34	0	40	257	21	35	58	41	46	98
30	10	33	13	15	47	3	21	52	49	30	55
//

TF	DMF0189
TN	4	12
TH	0.750000
55	52	0	37	9	291	0	17	28	2	29	60
0	87	103	189	299	10	280	0	0	5	133	96
199	141	144	66	6	0	0	289	0	297	121	75
60	34	67	22	0	13	34	8	286	10	31	83
//

TF	DMF0190
TN	4	12
TH	0.750000
38	16	15	40	0	0	10	13	37	39	44	51
104	280	358	242	310	14	350	360	213	309	140	217
147	38	0	60	33	306	0	0	69	25	132	64
84	39	0	31	30	53	13	0	54	0	57	41
//

TF	DMF0191
TN	4	12
TH	0.750000
32	0	0	0	81	0	49	14	0	0	17	35
148	169	300	83	143	16	60	0	356	283	18	171
185	192	42	267	124	382	251	384	42	54	335	177
33	37	56	48	50	0	38	0	0	61	28	15
//

TF	DMF0192
TN	4	12
TH	0.750000
6	349	5	24	20	5	25	69	49	77	0	48
406	42	399	15	99	0	83	161	171	164	0	164
24	0	14	379	35	431	302	140	155	132	386	183
0	45	18	18	282	0	26	66	61	63	50	41
//

TF	DMF0193
TN	4	12
TH	0.750000
14	0	7	0	33	18	34	56	0	27	32	40
339	0	309	352	175	323	201	113	289	253	285	171
0	329	34	15	88	0	76	142	47	65	50	126
14	38	17	0	71	26	56	56	31	22	0	30
//

TF	DMF0194
TN	4	12
TH	0.750000
0	290	16	13	33	22	20	44	29	0	0	28
302	0	234	30	151	26	91	128	138	276	0	99
15	0	40	261	0	242	180	92	150	0	253	158
0	27	27	13	133	27	26	53	0	41	64	32
//

TF	DMF0195
TN	4	12
TH	0.750000
180	78	31	186	62	4	4	0	38	14	27	32
94	28	81	107	51	9	7	302	65	21	236	71
0	177	176	0	0	290	296	8	145	256	36	177
36	27	22	17	197	7	3	0	62	19	11	30
//

TF	DMF0196
TN	4	12
TH	0.750000
0	22	51	0	67	0	20	33	51	0	62	42
339	346	106	401	141	86	366	327	157	369	167	293
62	0	168	0	102	241	0	41	101	32	80	66
0	33	76	0	91	74	15	0	92	0	92	0
//

TF	DMF0197
TN	4	12
TH	0.750000
0	45	29	13	44	48	22	28	34	76	0	77
11	0	0	13	298	38	31	31	36	120	127	58
357	286	326	330	0	242	290	309	282	123	190	176
0	37	13	12	26	40	25	0	16	49	51	57
//

TF	DMF0198
TN	4	12
TH	0.750000
6	25	58	11	24	31	29	58	20	31	27	36
338	311	0	0	108	143	280	0	254	26	116	74
0	0	256	328	204	143	27	249	48	275	161	213
7	15	37	12	15	34	15	44	29	19	47	28
//

TF	DMF0199
TN	4	12
TH	0.750000
0	0	23	76	46	43	16	28	72	32	44	55
0	37	374	108	63	107	48	369	87	0	76	148
397	345	0	158	243	213	320	0	163	326	277	161
0	15	0	55	45	34	13	0	75	39	0	33
//

TF	DMF0200
TN	4	12
TH	0.750000
21	44	28	25	65	54	62	21	16	25	80	7
51	58	0	24	154	143	77	0	20	46	243	0
282	232	330	325	116	142	174	335	323	303	0	367
20	40	16	0	39	35	61	18	15	0	51	0
//

