TF	DMF0001
TN	4	12
0.95	0.97	0.92	0.92	0.97	0.73	0.93	0.62	0.94	0.95	0.93	0.9
0	0	0.04	0.03	0	0.06	0.01	0.18	0.02	0.02	0.02	0.03
0.01	0.01	0.03	0.04	0.03	0.05	0.02	0.13	0.02	0.01	0.03	0.02
0.03	0.01	0.01	0.01	0	0.16	0.03	0.07	0.02	0.02	0.02	0.05

//

TF	DMF0002
TN	4	13
0.81	0.89	0.92	0.91	0.8	0.94	0	0.92	0.89	0.94	0.83	0.88	0.88
0.07	0.04	0.02	0.01	0.06	0.02	0.28	0.02	0.05	0.03	0.04	0.02	0.02
0.05	0.04	0.04	0.04	0.03	0.02	0.18	0.02	0.05	0	0.06	0.04	0.04
0.07	0.03	0.03	0.05	0.11	0.03	0.54	0.04	0.02	0.03	0.07	0.06	0.06

//
