138
113
154
145
133
143
150
102
161
124
175
132
157
119
129
29
160
190
179
125
111
170
105
167
191
197
166
158
115
58
101
118
184
128
159
164
140
178
183
198
134
62
162
110
144
122
153
126
192
168
189
8
15
106
182
114
137
120
185
131
142
193
173
187
108
135
196
156
171
84
163
121
139
176
146
104
61
181
188
165
147
117
69
51
136
70
199
112
107
148
123
100
149
71
72
109
172
194
65
155
103
195
88
76
127
68
116
82
151
48
130
1
152
93
169
174
12
64
19
14
47
56
57
81
186
16
25
66
141
87
177
180
33
28
4
0
45
59
24
75
41
5
67
95
37
9
46
6
54
40
79
30
55
78
26
36
80
34
38
52
2
10
50
96
63
32
43
83
3
97
39
13
49
31
21
60
35
20
92
94
85
74
91
73
22
23
11
99
86
98
27
7
42
44
18
90
89
17
53
77
