32
113
123
36
156
182
130
261
146
24
67
241
29
91
235
14
135
126
173
147
250
34
86
177
112
8
358
127
143
369
231
371
209
81
305
366
111
240
271
114
54
206
327
337
108
100
346
17
93
195
197
107
202
350
13
163
106
174
187
47
57
194
53
148
84
65
186
121
139
199
7
339
175
200
176
152
136
399
68
101
119
105
109
239
144
80
37
25
162
72
12
198
59
191
70
167
124
125
73
87
120
153
61
157
16
192
131
11
116
49
242
89
103
141
181
158
38
45
302
28
110
31
193
138
145
79
0
15
95
6
118
40
55
386
115
92
96
74
168
117
160
35
122
10
3
62
30
166
137
150
155
171
56
26
2
190
97
161
51
76
281
83
196
27
164
149
69
236
165
85
66
1
134
63
132
39
102
188
189
185
44
104
247
52
82
267
213
90
48
179
129
273
60
169
330
77
307
335
219
205
296
265
251
332
384
254
324
378
256
298
229
338
221
385
345
289
323
363
370
376
223
249
318
354
228
304
312
215
317
352
308
353
237
268
396
316
356
275
303
325
234
336
397
349
390
203
301
359
204
218
230
282
291
334
380
201
272
344
379
262
319
277
367
391
293
294
365
372
260
382
222
355
362
321
375
374
377
322
248
347
274
310
361
276
263
348
328
243
326
246
270
341
224
381
292
279
258
285
255
278
253
368
269
290
227
342
208
360
245
287
351
315
226
357
395
225
340
259
343
383
333
388
331
295
364
393
306
283
217
311
309
329
220
280
314
252
398
394
257
264
392
313
212
207
233
373
266
244
286
389
211
238
214
300
210
297
299
387
320
284
216
232
288
